# kel, ohms, sens. ohms/kel, sens unitless
0.3,2.18E+04,-2.23E+05,-3.08E+00
0.32,1.79E+04,-1.62E+05,-2.88E+00
0.34,1.51E+04,-1.23E+05,-2.76E+00
0.36,1.30E+04,-9.54E+04,-2.65E+00
0.38,1.13E+04,-7.57E+04,-2.56E+00
0.4,9.90E+03,-6.10E+04,-2.47E+00
0.42,8.80E+03,-4.99E+04,-2.38E+00
0.44,7.89E+03,-4.12E+04,-2.30E+00
0.46,7.14E+03,-3.45E+04,-2.22E+00
0.48,6.50E+03,-2.92E+04,-2.15E+00
0.5,5.96E+03,-2.49E+04,-2.09E+00
0.55,4.92E+03,-1.74E+04,-1.95E+00
0.6,4.17E+03,-1.28E+04,-1.83E+00
0.65,3.62E+03,-9.68E+03,-1.74E+00
0.7,3.19E+03,-7.55E+03,-1.66E+00
0.75,2.85E+03,-6.04E+03,-1.59E+00
0.8,2.58E+03,-4.92E+03,-1.53E+00
0.85,2.36E+03,-4.08E+03,-1.47E+00
0.9,2.17E+03,-3.43E+03,-1.42E+00
0.95,2.01E+03,-2.92E+03,-1.38E+00
1,1.87E+03,-2.51E+03,-1.34E+00
1.05,1.76E+03,-2.18E+03,-1.30E+00
1.1,1.66E+03,-1.91E+03,-1.27E+00
1.15,1.57E+03,-1.69E+03,-1.24E+00
1.2,1.49E+03,-1.50E+03,-1.21E+00
1.3,1.35E+03,-1.21E+03,-1.16E+00
1.4,1.24E+03,-9.91E+02,-1.12E+00
1.5,1.15E+03,-8.27E+02,-1.08E+00
1.6,1.07E+03,-7.01E+02,-1.04E+00
1.7,1.01E+03,-6.01E+02,-1.01E+00
1.8,9.54E+02,-5.21E+02,-9.84E-01
1.9,9.05E+02,-4.56E+02,-9.58E-01
2,8.62E+02,-4.03E+02,-9.35E-01
2.1,8.24E+02,-3.59E+02,-9.13E-01
2.2,7.90E+02,-3.21E+02,-8.94E-01
2.3,7.60E+02,-2.89E+02,-8.76E-01
2.4,7.32E+02,-2.62E+02,-8.59E-01
2.5,7.07E+02,-2.39E+02,-8.44E-01
2.6,6.84E+02,-2.19E+02,-8.31E-01
2.7,6.63E+02,-2.01E+02,-8.18E-01
2.8,6.44E+02,-1.85E+02,-8.02E-01
2.9,6.26E+02,-1.70E+02,-7.89E-01
3,6.10E+02,-1.59E+02,-7.83E-01
3.1,5.95E+02,-1.49E+02,-7.78E-01
3.2,5.80E+02,-1.39E+02,-7.67E-01
3.3,5.67E+02,-1.30E+02,-7.55E-01
3.4,5.54E+02,-1.21E+02,-7.45E-01
3.5,5.42E+02,-1.14E+02,-7.36E-01
3.6,5.31E+02,-1.07E+02,-7.27E-01
3.7,5.21E+02,-1.01E+02,-7.19E-01
3.8,5.11E+02,-9.56E+01,-7.11E-01
3.9,5.02E+02,-9.05E+01,-7.04E-01
4,4.93E+02,-8.59E+01,-6.97E-01
4.2,4.77E+02,-7.77E+01,-6.84E-01
4.4,4.62E+02,-7.06E+01,-6.73E-01
4.6,4.48E+02,-6.46E+01,-6.63E-01
4.8,4.36E+02,-5.93E+01,-6.54E-01
5,4.24E+02,-5.47E+01,-6.45E-01
5.2,4.14E+02,-5.07E+01,-6.37E-01
5.4,4.04E+02,-4.71E+01,-6.29E-01
5.6,3.95E+02,-4.39E+01,-6.22E-01
5.8,3.87E+02,-4.10E+01,-6.15E-01
6,3.79E+02,-3.84E+01,-6.09E-01
6.5,3.61E+02,-3.30E+01,-5.94E-01
7,3.45E+02,-2.87E+01,-5.82E-01
7.5,3.32E+02,-2.53E+01,-5.71E-01
8,3.20E+02,-2.24E+01,-5.61E-01
8.5,3.09E+02,-2.01E+01,-5.53E-01
9,3.00E+02,-1.82E+01,-5.45E-01
9.5,2.91E+02,-1.65E+01,-5.39E-01
10,2.83E+02,-1.51E+01,-5.33E-01
10.5,2.76E+02,-1.39E+01,-5.29E-01
11,2.69E+02,-1.28E+01,-5.24E-01
11.5,2.63E+02,-1.19E+01,-5.21E-01
12,2.57E+02,-1.11E+01,-5.17E-01
12.5,2.52E+02,-1.04E+01,-5.15E-01
13,2.47E+02,-9.74E+00,-5.13E-01
13.5,2.42E+02,-9.17E+00,-5.11E-01
14,2.38E+02,-8.65E+00,-5.09E-01
14.5,2.34E+02,-8.18E+00,-5.08E-01
15,2.30E+02,-7.76E+00,-5.07E-01
15.5,2.26E+02,-7.37E+00,-5.06E-01
16,2.22E+02,-7.02E+00,-5.05E-01
16.5,2.19E+02,-6.69E+00,-5.05E-01
17,2.16E+02,-6.40E+00,-5.04E-01
17.5,2.13E+02,-6.12E+00,-5.04E-01
18,2.10E+02,-5.87E+00,-5.04E-01
18.5,2.07E+02,-5.63E+00,-5.04E-01
19,2.04E+02,-5.41E+00,-5.04E-01
19.5,2.01E+02,-5.21E+00,-5.05E-01
20,1.99E+02,-5.02E+00,-5.05E-01
21,1.94E+02,-4.68E+00,-5.07E-01
22,1.89E+02,-4.37E+00,-5.08E-01
23,1.85E+02,-4.10E+00,-5.10E-01
24,1.81E+02,-3.86E+00,-5.12E-01
25,1.77E+02,-3.65E+00,-5.14E-01
26,1.74E+02,-3.45E+00,-5.16E-01
27,1.70E+02,-3.27E+00,-5.19E-01
28,1.67E+02,-3.11E+00,-5.21E-01
29,1.64E+02,-2.96E+00,-5.23E-01
30,1.61E+02,-2.83E+00,-5.26E-01
31,1.59E+02,-2.70E+00,-5.28E-01
32,1.56E+02,-2.58E+00,-5.30E-01
33,1.53E+02,-2.47E+00,-5.33E-01
34,1.51E+02,-2.37E+00,-5.35E-01
35,1.49E+02,-2.28E+00,-5.37E-01
36,1.46E+02,-2.19E+00,-5.39E-01
37,1.44E+02,-2.11E+00,-5.41E-01
38,1.42E+02,-2.03E+00,-5.43E-01
39,1.40E+02,-1.96E+00,-5.44E-01
40,1.38E+02,-1.89E+00,-5.46E-01
42,1.35E+02,-1.76E+00,-5.50E-01
44,1.31E+02,-1.65E+00,-5.53E-01
46,1.28E+02,-1.55E+00,-5.56E-01
48,1.25E+02,-1.45E+00,-5.58E-01
50,1.22E+02,-1.37E+00,-5.61E-01
52,1.20E+02,-1.30E+00,-5.63E-01
54,1.17E+02,-1.23E+00,-5.66E-01
56,1.15E+02,-1.16E+00,-5.68E-01
58,1.12E+02,-1.10E+00,-5.70E-01
60,1.10E+02,-1.05E+00,-5.72E-01
65,1.05E+02,-9.35E-01,-5.78E-01
70,1.01E+02,-8.39E-01,-5.83E-01
75,9.68E+01,-7.58E-01,-5.87E-01
77.35,9.51E+01,-7.25E-01,-5.90E-01
80,9.32E+01,-6.90E-01,-5.92E-01
85,8.99E+01,-6.32E-01,-5.97E-01
90,8.69E+01,-5.81E-01,-6.02E-01
95,8.41E+01,-5.37E-01,-6.06E-01
100,8.15E+01,-4.98E-01,-6.12E-01
105,7.91E+01,-4.64E-01,-6.16E-01
110,7.68E+01,-4.34E-01,-6.21E-01
115,7.47E+01,-4.07E-01,-6.26E-01
120,7.28E+01,-3.82E-01,-6.30E-01
125,7.09E+01,-3.60E-01,-6.34E-01
130,6.92E+01,-3.40E-01,-6.39E-01
135,6.75E+01,-3.21E-01,-6.42E-01
140,6.60E+01,-3.04E-01,-6.46E-01
145,6.45E+01,-2.89E-01,-6.50E-01
150,6.31E+01,-2.75E-01,-6.53E-01
155,6.17E+01,-2.61E-01,-6.56E-01
160,6.05E+01,-2.49E-01,-6.59E-01
165,5.92E+01,-2.38E-01,-6.62E-01
170,5.81E+01,-2.27E-01,-6.64E-01
175,5.70E+01,-2.17E-01,-6.67E-01
180,5.59E+01,-2.08E-01,-6.69E-01
185,5.49E+01,-1.99E-01,-6.70E-01
190,5.39E+01,-1.91E-01,-6.72E-01
195,5.30E+01,-1.83E-01,-6.73E-01
200,5.21E+01,-1.76E-01,-6.74E-01
205,5.12E+01,-1.69E-01,-6.75E-01
210,5.04E+01,-1.62E-01,-6.76E-01
215,4.96E+01,-1.56E-01,-6.77E-01
220,4.88E+01,-1.50E-01,-6.77E-01
225,4.81E+01,-1.45E-01,-6.77E-01
230,4.74E+01,-1.40E-01,-6.77E-01
235,4.67E+01,-1.35E-01,-6.77E-01
240,4.60E+01,-1.30E-01,-6.77E-01
245,4.54E+01,-1.25E-01,-6.76E-01
250,4.48E+01,-1.21E-01,-6.75E-01
255,4.42E+01,-1.17E-01,-6.75E-01
260,4.36E+01,-1.13E-01,-6.74E-01
265,4.31E+01,-1.09E-01,-6.73E-01
270,4.25E+01,-1.06E-01,-6.72E-01
273.15,4.22E+01,-1.04E-01,-6.71E-01
275,4.20E+01,-1.02E-01,-6.70E-01
280,4.15E+01,-9.92E-02,-6.69E-01
285,4.10E+01,-9.61E-02,-6.68E-01
290,4.05E+01,-9.31E-02,-6.66E-01
295,4.01E+01,-9.03E-02,-6.65E-01
300,3.96E+01,-8.76E-02,-6.63E-01
305,3.92E+01,-8.50E-02,-6.61E-01
310,3.88E+01,-8.25E-02,-6.60E-01
315,3.84E+01,-8.01E-02,-6.58E-01
320,3.80E+01,-7.79E-02,-6.56E-01
325,3.76E+01,-7.57E-02,-6.54E-01
